0	0	0	0	0	0	0	0	0	1000
0	0	1	-387.937	51.6001	-482.091	105.737	544.516	13.7011	0.0378327
0	0	2	-346.485	47.6488	-462.428	106.597	487.844	12.6336	0.00381768
0	0	3	-377.946	169.379	-498.583	312.836	493.06	33.1963	1.81E-07
0	0	4	-300.014	21.0392	-494.622	73.9879	446.243	9.06163	0.00407295
0	0	5	-258.045	34.399	-531.609	135.722	446.644	12.503	0.00114471
0	0	6	-440.427	27.5869	-406.528	41.7341	560.743	6.69505	0.209854
0	0	7	-406.401	28.3907	-409.226	44.8889	538.303	7.14149	0.206176
0	0	8	-334.419	19.7088	-491.576	66.9127	457.111	8.87436	0.151138
0	0	9	-379.825	44.9772	-442.782	74.6677	539.685	8.76314	0.00282627
0	0	10	-383.167	54.2266	-478.646	110.61	474.476	13.8975	0.00372449
0	0	11	0	0	0	0	0	0	1000
0	0	12	-342.453	29.71	-433.846	65.1318	467.11	7.99786	0.114316
0	0	13	-288.174	22.4951	-488.849	79.2431	468.645	9.04688	0.151597
0	0	14	-346.654	18.5738	-442.8	58.8228	462.337	10.6956	0.00323392
0	0	15	-372.355	46.7901	-435.42	74.2169	550.074	8.63235	8.05E-06
0	0	16	-348.081	29.1979	-393.212	47.3659	475.73	6.41428	0.137873
0	0	17	-353.805	52.3405	-431.416	81.6337	461.599	9.21571	0.00148708
0	0	18	-365.465	30.1911	-415.25	51.9923	510.624	7.56723	0.129098
0	0	19	-353.633	27.9299	-380.259	41.3606	488.875	5.45526	0.328787
0	0	20	0	0	0	0	0	0	1000
0	0	21	-327.775	26.3273	-395.031	47.8402	459.441	5.77629	0.206265
0	0	22	-372.181	25.1869	-413.911	45.9037	500.322	6.31915	0.183206
0	0	23	-270.027	24.2795	-441.801	61.2057	436.705	6.75314	0.529825
0	0	24	-334.862	49.4243	-430.856	84.7195	495.542	9.55844	0.019072
0	0	25	-351.832	30.3335	-364.381	41.6367	479.201	5.68425	0.448949
0	0	26	-394.467	26.0703	-394.639	40.3008	523.999	6.01099	0.38035
0	0	27	-331.003	28.0575	-387.569	47.2815	454.282	5.99909	0.31322
0	0	28	-350.284	28.538	-393.236	47.8379	484.122	6.68338	0.199072
0	0	29	-388.795	34.139	-374.397	44.3606	533.731	6.10679	0.23522
0	0	30	-252.288	27.9459	-508.253	107.294	447.107	10.3033	0.00610358
0	0	31	-320.119	27.9622	-386.215	46.6952	465.178	6.30273	0.347282
0	0	32	-310.986	28.0158	-404.117	51.7541	464.644	5.76327	1.82201
0	0	33	-385.801	29.8014	-373.35	42.4536	526.558	6.16235	1.80366
0	0	34	-219.887	29.9678	-604.232	216.067	462.666	17.5376	2.16019
0	0	35	-316.25	26.8048	-358.532	43.5486	468.568	6.25334	2.75975
0	0	36	-272.728	25.0897	-408.243	62.6677	441.745	7.75357	1.87975
0	0	37	-331.254	46.3909	-457.625	96.8975	551.199	10.5591	2.15986
0	0	38	-329.345	29.3056	-396.389	50.1782	492.626	6.12607	1.59573
0	0	39	-319.168	48.2182	-522.075	150.295	526.941	16.6176	0.898614
0	0	40	-329.811	30.3238	-389.191	51.8279	495.885	6.40112	1.52129
0	0	41	-418.841	22.296	-384.113	36.764	553.453	5.83176	2.77198
0	0	42	-297.812	49.5494	-455.958	110.163	503.895	10.9768	1.76959
0	0	43	-302.738	24.5491	-470.86	72.8041	468.443	8.83373	1.04167
0	0	44	-283.957	39.7894	-481.548	113.982	461.254	10.7918	1.51409
0	0	45	-422.209	103.644	-230.399	88.3393	410.848	26.0757	0.0568713
0	0	46	-630.307	244.454	-182.685	84.0117	440.381	28.3652	7.84E-07
0	0	47	-281.266	42.7012	-508.708	144.019	439.58	14.2941	0.790616
0	0	48	-267.93	187.038	-1330.04	2994.14	561.504	290.707	5.11E-08
0	0	49	-374.188	31.6829	-411.543	59.5848	487.92	8.85638	1.21128
0	0	50	-391.288	107.853	-223.022	90.9495	406.699	23.967	0.00797637
0	0	51	-379.726	26.4938	-410.541	49.8362	511.967	6.65262	1.03302
0	0	52	-533.194	494.35	-195.406	150.155	444.245	35.7256	2.33E-07
0	0	53	-394.172	32.1586	-441.695	61.1617	541.889	8.97872	1.51459
0	0	54	-341.627	49.5348	-518.18	140.539	511.135	16.0227	0.81186
0	0	55	-347.522	26.8465	-442.256	61.4965	473.471	7.55498	0.914262
0	0	56	-418.58	28.8006	-427.41	56.9078	540.068	9.21802	1.4991
0	0	57	-254.684	31.8985	-387.239	66.3901	405.391	6.74003	1.42789
0	0	58	-580.896	42.2186	-497.849	71.5438	519.007	14.3262	68.1445
0	0	59	-295.646	42.2579	-563.02	177.895	497.095	18.359	0.951549
0	0	60	-325.917	29.6521	-388.393	51.2096	448.939	6.15803	1.73287
0	0	61	-470.647	30.8383	-396.771	47.7683	597.067	9.77075	2.09841
0	0	62	-366.707	23.7419	-443.347	63.9604	494.801	9.59925	0.796973
0	0	63	-380.068	35.8319	-376.821	52.4724	513.145	6.94565	1.01294
0	1	0	-573.085	52.1121	-338.445	28.1385	462.105	5.37484	116.83
0	1	1	-281.457	21.447	-450.672	57.8918	440.117	6.61606	0.339911
0	1	2	-400.772	48.574	-417.948	65.1971	587.893	8.34347	0.00205024
0	1	3	-337.603	38.8336	-455.798	78.2608	527.86	8.82886	0.0148202
0	1	4	-398.758	23.6364	-403.144	36.8029	545.588	6.17157	0.346414
0	1	5	-356.166	24.3437	-375.736	36.9639	478.514	5.06173	0.429826
0	1	6	-372.023	26.0787	-373.895	35.0585	512.101	5.19293	0.342757
0	1	7	-332.948	21.2488	-379.769	35.3196	463.656	4.8065	0.204561
0	1	8	-344.625	29.9166	-362.674	39.4465	490.118	5.07588	0.242194
0	1	9	-293.122	24.1211	-368.972	39.7618	434.095	4.55626	0.339081
0	1	10	-373.559	26.6181	-355.488	34.1736	528.825	5.06781	0.571575
0	1	11	-348.844	74.5456	-384.961	310.256	506.2	78.6809	4.27E-08
0	1	12	-344.55	25.8911	-378.138	39.9804	484.97	5.5446	0.514986
0	1	13	-343.57	29.1163	-375.193	40.2683	478.475	5.61627	0.204239
0	1	14	-347.21	26.5885	-388.736	40.2654	489.447	5.55812	0.297034
0	1	15	-377.448	24.7229	-395.962	39.0525	511.258	5.6438	0.248448
0	1	16	-334.253	27.0504	-370.849	41.6281	482.414	5.58009	0.251011
0	1	17	-336.729	22.2342	-374.529	36.7121	465.457	5.3233	0.509887
0	1	18	-307.615	25.6402	-396.663	45.6264	455.757	5.2557	0.450706
0	1	19	-363.412	23.0271	-406.407	43.5515	493.816	6.56326	0.278859
0	1	20	-333.63	26.871	-393.51	43.965	487.706	6.17343	0.181854
0	1	21	-372.316	28.7995	-406.058	45.1994	513.537	6.83226	0.119037
0	1	22	-295.687	31.2674	-477.262	85.4895	488.914	9.02708	0.000168209
0	1	23	-430.944	26.5419	-407.847	40.2595	589.641	6.79825	0.173195
0	1	24	-333.194	21.8833	-383.545	36.5312	486.978	4.89101	0.491474
0	1	25	-400.06	23.4431	-371.519	33.0496	521.856	5.46045	0.943331
0	1	26	-445.44	23.9951	-382.348	33.4409	589.076	6.29678	0.452481
0	1	27	-402.053	27.8241	-414.537	47.857	551.206	6.93898	0.196097
0	1	28	-333.948	38.9051	-424.292	67.8545	490.28	7.9648	0.0233463
0	1	29	-306.314	21.9496	-424.004	48.139	467.113	6.04883	0.401248
0	1	30	-324.478	22.2346	-367.03	34.3253	472.754	4.73791	0.611243
0	1	31	-297.077	20.803	-443.361	52.2252	447.63	6.07134	0.509871
0	1	32	-341.776	27.1177	-371.115	38.5973	478.264	5.34563	0.313889
0	1	33	-404.432	25.3139	-371.408	34.2426	543.39	5.09913	0.580814
0	1	34	-419.912	29.1308	-406.165	43.3401	585.369	6.6642	0.296737
0	1	35	-429.51	27.5286	-1088.82	240.268	658.641	42.3471	1.90552
0	1	36	-386.744	26.7407	-381.82	37.1281	532.588	5.28539	0.254895
0	1	37	-362.951	62.2552	-267.57	91.1556	465.772	23.5479	0.155495
0	1	38	-378.845	28.4285	-383.703	40.3902	526.536	5.53554	0.283682
0	1	39	-347.779	49.7978	-402.375	67.8484	510.981	7.11131	2.35E-07
0	1	40	-379.824	23.3376	-387.552	36.6835	522.083	5.67798	0.400378
0	1	41	-372.592	39.1498	-464.715	77.6245	563.11	9.98748	0.00405221
0	1	42	-322.47	22.5427	-375.586	34.6797	474.462	4.59649	0.338811
0	1	43	-404.942	26.0872	-412.155	43.8146	552.366	6.19351	0.215771
0	1	44	-371.361	24.607	-373.735	35.6019	500.328	5.19006	0.336578
0	1	45	-363.415	28.9069	-393.104	43.77	492.906	5.48566	0.297639
0	1	46	-372.177	22.7227	-387.68	37.071	513.588	5.6166	0.238968
0	1	47	0	0	0	0	0	0	1000
0	1	48	-433.786	30.5387	-388.453	40.4445	582.966	6.01495	0.455707
0	1	49	-333.876	22.5299	-373.105	35.5797	459.372	5.09122	0.350015
0	1	50	-406.602	22.6925	-398.109	36.349	554.775	5.8875	0.213833
0	1	51	-410.732	25.1382	-424.721	45.0331	572.737	7.41928	0.109797
0	1	52	-316.293	23.5251	-393.309	40.1486	463.748	4.87283	0.440085
0	1	53	-451.872	26.8918	-390.135	38.0425	608.72	6.6438	0.466489
0	1	54	-402.592	29.8328	-383.995	39.7669	563.783	6.34104	0.450823
0	1	55	-297.837	25.434	-400.46	49.0364	461.121	5.59383	0.531167
0	1	56	-329.87	24.8779	-400.211	44.2908	472.515	5.73016	0.197989
0	1	57	-383.994	29.073	-370.177	42.2511	532.27	5.19561	0.270522
0	1	58	-328.272	24.6487	-425.289	53.635	510.349	7.5544	0.756425
0	1	59	-334.764	40.7792	-433.385	73.6586	512.017	8.1104	0.00321341
0	1	60	-410.568	25.1545	-385.89	35.7814	562.068	5.5834	0.138731
0	1	61	-367.74	12.6985	-741.24	134.086	572.104	20.2967	1.43262
0	1	62	-326.69	48.5208	-411.075	72.1568	495.134	7.394	0.00605178
0	1	63	-313.389	48.1118	-420.519	78.6258	519.232	7.70234	0.0397747
0	2	0	-1.38E+06	26.4586	-5.33E+06	87659.8	1.38E+06	26.4586	154.984
0	2	1	-300.284	29.022	-375.227	46.4878	430.299	5.10487	0.226762
0	2	2	-376.593	56.5048	-446.034	90.6999	570.146	10.5181	0.000552032
0	2	3	-309.9	20.6206	-419.336	50.5162	461.115	6.30608	0.947859
0	2	4	-348.234	27.6267	-434.9	58.1734	467.899	7.60022	0.0786244
0	2	5	-364.916	23.1763	-394.16	45.8434	513.033	7.21741	0.21557
0	2	6	-328.464	47.9299	-450.289	90.7199	510.739	9.39889	0.021384
0	2	7	-383.784	29.7731	-386.398	43.4087	527.183	6.13847	0.201546
0	2	8	-323.378	48.468	-426.988	83.7506	497.14	8.57744	0.00246858
0	2	9	-364.863	172.53	-397.456	171.723	502.047	13.4178	2.20E-10
0	2	10	-351.832	30.6866	-376.848	43.6404	473.882	5.00601	0.163547
0	2	11	-338.324	24.4487	-394.584	41.6788	470.662	5.40575	0.134468
0	2	12	-366.147	30.7663	-394.898	49.0499	503.837	6.31003	0.249449
0	2	13	-341.173	32.7247	-382.623	52.0071	493.788	7.46905	0.216824
0	2	14	-355.209	24.9812	-389.468	40.6111	484.607	5.589	0.23649
0	2	15	-277.809	21.191	-463.743	69.3789	450.02	8.25707	0.118384
0	2	16	-368.245	29.5446	-385.341	44.5079	482.646	6.20731	0.412061
0	2	17	-337.997	27.0535	-423.084	52.2729	489.801	6.62548	0.0763412
0	2	18	-380.929	28.4321	-397.992	47.4189	524.056	6.46255	0.354968
0	2	19	-426.178	26.2617	-395.642	41.3953	553.975	6.69095	0.11553
0	2	20	0	0	0	0	0	0	1000
0	2	21	-313.983	49.6308	-424.513	85.5002	488.561	8.3898	0.029077
0	2	22	-330.939	31.3449	-390.459	49.522	473.242	5.73702	0.346881
0	2	23	-342.244	26.258	-380.771	42.5826	483.437	5.39002	0.405255
0	2	24	-312.007	28.7915	-407.675	54.1886	468.403	6.59779	0.348587
0	2	25	-363.489	32.1968	-388.685	49.5763	508.243	6.93757	0.320348
0	2	26	-382.716	25.0544	-383.876	37.5065	519.471	5.75004	0.276428
0	2	27	-327.145	27.6767	-377.312	41.209	451.531	4.95636	0.288076
0	2	28	-319.497	31.809	-397.592	58.1411	493.477	6.85187	0.274627
0	2	29	-348.08	27.8287	-374.374	40.6136	513.529	5.47419	0.472639
0	2	30	-356.42	31.6808	-385.868	45.079	501.425	5.58088	0.47955
0	2	31	-332.784	28.0722	-383.688	45.6183	472.887	5.50604	0.282409
0	2	32	-391.934	27.6954	-367.521	36.9278	520.483	5.72606	0.426351
0	2	33	-322.343	26.0273	-425.663	53.8894	483.811	6.68364	0.249416
0	2	34	-303.788	24.3031	-453.055	65.4058	447.702	7.71279	0.0984281
0	2	35	-360.771	22.9686	-380.638	36.8779	492.788	5.40098	0.430328
0	2	36	-293.643	35.9533	-474.836	89.7886	476.007	9.0095	0.0135628
0	2	37	0	0	0	0	0	0	1000
0	2	38	-412.109	27.1461	-401.494	42.2871	540.298	6.53175	0.201495
0	2	39	-368.434	56.6104	-458.468	100.145	551.78	11.6776	0.00117145
0	2	40	-334.72	24.3053	-415.526	49.8339	489.198	6.57047	0.416648
0	2	41	-344.29	27.9801	-407.303	53.0168	471.535	6.79118	0.19288
0	2	42	-375.515	30.3879	-400.407	47.2135	508.949	6.84222	0.170308
0	2	43	-344.353	24.7406	-375.208	40.4776	482.011	6.2082	0.243102
0	2	44	-396.215	47.4423	-433.554	71.3396	560.061	8.85078	0.0101394
0	2	45	-327.779	26.5005	-379.512	43.1699	495.067	5.56013	0.357729
0	2	46	-387.733	24.8809	-417.054	46.6495	516.423	6.62524	0.185764
0	2	47	-279.149	28.7874	-514.977	105.938	459.062	10.9232	0.0594258
0	2	48	-352.513	47.287	-422.112	73.2245	504.289	7.97491	1.80E-05
0	2	49	-342.553	30.6106	-351.393	40.8344	473.733	5.49661	0.388447
0	2	50	-351.455	28.2287	-374.834	41.579	483.739	5.44107	0.280882
0	2	51	-394.98	49.1103	-446.417	80.6363	603.734	10.3729	0.00808967
0	2	52	-347.441	29.7691	-383.646	43.9791	465.249	5.40142	0.299809
0	2	53	-311.375	24.502	-419.128	50.8109	467.662	6.14487	0.385615
0	2	54	-356.985	31.6229	-364.88	41.8893	480.113	5.42514	0.35495
0	2	55	-352.613	30.1194	-369.445	40.4549	494.515	5.85399	0.312155
0	2	56	-359.897	31.819	-376.025	44.5285	507.5	6.04806	0.357526
0	2	57	-343.618	33.2569	-350.038	160.339	464.508	45.3623	0.176016
0	2	58	-400.618	29.4198	-378.764	43.1039	537.245	6.84516	0.33673
0	2	59	0	0	0	0	0	0	1000
0	2	60	-407.628	24.3678	-415.968	45.6777	542.8	7.70124	0.347646
0	2	61	-376.495	24.9403	-369.533	37.717	515.781	5.43413	0.382309
0	2	62	-345.763	29.9189	-378.011	43.3059	492.956	5.46694	0.344382
0	2	63	-347.477	27.2661	-379.654	43.3749	467.738	5.83962	0.484929
0	3	0	-1045.11	292.048	-2657.95	1077.72	1267.13	306.132	5.13423
0	3	1	-277.548	45.9573	-413.046	77.6729	417.791	6.44313	0.0137082
0	3	2	-386.352	30.0599	-392.002	40.1955	527.097	5.51778	0.345077
0	3	3	-380.922	21.1222	-399.826	38.4533	508.945	6.10643	0.422348
0	3	4	-362.185	29.5544	-384.767	42.1803	524.627	5.51366	0.559073
0	3	5	-368.124	24.7731	-369.522	35.5124	499.116	4.88278	0.599602
0	3	6	-406.095	26.6744	-390.329	37.735	545.778	6.245	0.406907
0	3	7	-359.755	26.5702	-383.473	40.7941	495.691	5.38185	0.365428
0	3	8	-301.656	23.2602	-407.608	46.0383	443.963	5.33351	0.422703
0	3	9	-396.555	31.9794	-388.075	42.824	541.858	5.78062	0.296642
0	3	10	-377.968	30.105	-403.029	45.4896	513.6	6.67082	0.336837
0	3	11	-362.449	29.3804	-372.291	38.7391	506.705	5.19887	0.332082
0	3	12	-335.436	20.5661	-411.753	43.3222	470.55	5.77619	0.30441
0	3	13	-384.985	24.2647	-414.177	41.8992	528.851	5.82411	0.263699
0	3	14	-372.79	28.8368	-419.315	49.5036	515.318	6.79359	0.185351
0	3	15	-322.543	25.9186	-380.905	41.4758	466.371	5.41161	0.603534
0	3	16	-389.901	28.1423	-401.492	43.463	543.273	6.25346	0.258098
0	3	17	-351.676	24.4014	-393.559	40.1305	494.714	6.09682	0.507079
0	3	18	-341.699	28.3456	-389.662	43.6534	496.113	5.8439	0.248834
0	3	19	-307.613	22.5093	-368.818	37.5727	434.71	4.55715	0.451029
0	3	20	-386.539	42.4677	-444.1	70.0264	579.711	8.03756	0.0270231
0	3	21	-356.171	22.2565	-415.708	43.6676	494.173	6.68342	0.239043
0	3	22	-312.486	27.2288	-404.638	49.758	453.82	5.76951	0.174909
0	3	23	-299.036	21.5693	-445.187	55.0805	459.659	6.31249	0.374265
0	3	24	-317.564	25.2466	-408.75	47.6748	493.081	5.70466	0.496747
0	3	25	-262.582	20.9518	-430.826	54.7905	425.281	5.79426	0.671445
0	3	26	-307.179	19.2655	-395.651	38.6042	456.042	4.9364	0.749444
0	3	27	-383.084	23.5339	-387.931	37.3382	526.487	5.8144	0.533942
0	3	28	-349.049	30.4375	-353.292	37.0608	498.959	5.20146	0.306365
0	3	29	-300.995	23.596	-379.903	43.3937	433.097	6.03465	0.398111
0	3	30	-347.805	25.611	-371.949	35.7648	502.105	4.7074	0.507879
0	3	31	-360.109	27.7426	-383.995	40.2839	503.185	6.04007	0.375648
0	3	32	-359.109	25.6931	-384.885	39.1281	513.669	5.62941	0.384466
0	3	33	-361.29	25.19	-404.78	43.9306	511.579	6.14961	0.242629
0	3	34	-336.973	25.4474	-398.502	44.4856	485.1	5.59678	0.409225
0	3	35	-378.185	23.599	-399.817	39.5288	514.948	5.83273	0.445091
0	3	36	-339.53	21.5805	-379.597	35.2062	460.18	4.86475	0.424736
0	3	37	-354.024	24.3673	-368.913	35.0417	473.386	4.93331	0.365222
0	3	38	-291.211	21.5828	-392.381	41.9554	424.741	5.07629	0.345075
0	3	39	-357.169	26.5138	-408.405	46.952	499.725	6.48218	0.288051
0	3	40	-321.892	42.0256	-428.742	72.8284	516.025	7.48584	0.0533412
0	3	41	-334.404	27.6818	-406.833	47.9242	476.301	6.51621	0.228144
0	3	42	-266.4	17.4498	-448.879	54.8333	418.398	6.20332	0.467394
0	3	43	-288.08	25.5071	-406.825	50.4772	442.635	5.5181	0.351145
0	3	44	-307.109	25.4338	-398.205	45.2511	447.749	5.31802	0.364461
0	3	45	-385.411	29.8832	-385.747	40.7133	533.366	5.64647	0.399718
0	3	46	-345.376	20.9266	-396.633	38.8714	465.72	5.47222	0.3241
0	3	47	-372.808	24.5043	-399.178	40.7562	497.031	6.27731	0.535746
0	3	48	-351.609	23.3094	-421.588	45.996	496.164	6.06357	0.207818
0	3	49	-330.569	35.5371	-449.062	72.5087	497.805	7.6746	5.47E-05
0	3	50	-400.004	24.2973	-399.813	38.8858	541.243	6.1222	0.306359
0	3	51	-306.333	40.9237	-419.878	69.5545	482.264	6.57081	0.0488828
0	3	52	-391.192	22.8672	-390.666	37.0006	533.28	5.28436	0.681833
0	3	53	-322.065	42.5779	-406.083	65.7687	517.565	6.74592	0.00344868
0	3	54	-334.553	23.9282	-370.948	36.6808	450.982	4.76681	0.342943
0	3	55	-401.085	22.9675	-410.13	41.3039	545.659	6.66274	0.332216
0	3	56	-299.676	28.3485	-411.53	56.5927	441.689	6.1183	0.116939
0	3	57	-362.474	23.2378	-407.628	40.8442	494.369	5.48278	0.507923
0	3	58	-363.683	30.0692	-338.548	34.1768	497.66	4.76106	0.313312
0	3	59	-349.948	42.152	-443.62	75.8737	538.488	9.91803	0.0338076
0	3	60	-302.563	21.3552	-445.345	55.1533	450.72	6.71118	0.216146
0	3	61	-343.213	26.9749	-402.613	47.0032	489.048	6.55493	0.174228
0	3	62	-317.749	24.1586	-422.781	50.4376	467.556	6.12294	0.592283
0	3	63	-329.256	21.9806	-385.663	39.5075	462.254	5.10968	0.430621
1	0	0	-334.91	58.7232	-390.518	71.8465	538.161	7.33726	0.304823
1	0	1	-449.929	28.0062	-399.701	38.5455	600.277	5.56648	0.333946
1	0	2	-374.1	27.8533	-402.781	45.1797	525.561	6.78663	0.271314
1	0	3	-359.802	54.9961	-432.853	84.7481	545.322	9.13391	0.00462734
1	0	4	0	0	0	0	0	0	1000
1	0	5	-361.471	21.3308	-383.062	35.2903	496.691	5.30158	0.286778
1	0	6	-385.131	25.4179	-406.564	44.1534	523.069	7.07032	0.219416
1	0	7	-356.814	41.9775	-453.944	79.906	539.095	9.97983	0.000252174
1	0	8	-362.772	24.1004	-403.302	42.2602	511.414	5.95226	0.217524
1	0	9	-397.341	25.3332	-391.011	39.2241	541.433	6.31938	0.564264
1	0	10	-269.254	19.507	-446.836	58.5062	413.497	6.97808	0.361256
1	0	11	-375.972	26.5325	-405.553	43.9054	519.337	6.13798	0.329675
1	0	12	-323.514	24.096	-378.995	38.8134	463.435	4.97332	0.488528
1	0	13	-389.955	44.7359	-457.575	77.6897	565.682	9.49909	5.42E-06
1	0	14	-439.17	30.1539	-402.718	42.0267	599.973	6.69064	0.286878
1	0	15	-305.806	24.7771	-421.946	53.4964	445.655	7.5636	0.397822
1	0	16	-334.894	24.786	-397.958	43.7393	490.656	6.04302	0.410258
1	0	17	-366.523	21.5805	-395.559	39.3855	500.447	6.25927	0.342533
1	0	18	-375.444	47.6054	-417.438	67.538	560.976	7.83539	0.0239606
1	0	19	-363.725	26.2191	-400.747	43.5938	506.086	5.77099	0.211628
1	0	20	-408.109	29.861	-396.127	41.8604	557.879	6.53825	0.244054
1	0	21	-370.051	59.02	-448.98	101.811	575.4	10.8754	8.99E-05
1	0	22	-345.976	44.0605	-443.972	79.1103	551.957	8.84798	0.0334576
1	0	23	-333.732	24.0476	-370.604	36.741	484.695	4.81784	0.352628
1	0	24	-363.319	25.1158	-413.861	45.4038	514.439	6.78774	0.218244
1	0	25	-335.67	37.8312	-443.902	72.3896	502.698	7.91439	0.00178047
1	0	26	-331.26	17.8812	-367.447	31.226	445.917	4.7524	0.274188
1	0	27	-320.038	23.4687	-417.78	47.6053	469.396	5.74204	0.472943
1	0	28	-389.235	28.3497	-397.978	41.7117	541.117	6.37534	0.321486
1	0	29	-329.449	23.5907	-373.533	38.1749	483.06	5.11997	0.442496
1	0	30	-321.597	24.0721	-377.294	38.8085	463.824	4.90877	0.273468
1	0	31	-371.632	25.7326	-377.328	37.2734	528.816	5.49129	0.427531
1	0	32	-322.676	23.2587	-430.13	49.1315	495.896	6.24416	0.63071
1	0	33	-374.741	24.6823	-396.921	39.4674	530.052	5.70648	0.182943
1	0	34	-393.222	23.1036	-392.578	36.7284	537.535	5.37961	0.325824
1	0	35	-347.237	21.9681	-397.07	38.7836	494.342	5.66692	0.37836
1	0	36	-390.25	26.0277	-397.542	41.2016	528.138	6.20938	0.326103
1	0	37	-283.619	21.3574	-380.878	39.7865	418.244	4.49034	0.435108
1	0	38	-299.522	32.552	-486.436	90.6278	512.575	9.47297	0.0037285
1	0	39	-333.427	24.6769	-402.017	44.3961	499.219	5.69658	0.364521
1	0	40	-332.966	38.5081	-445.054	76.3383	502.98	8.53775	0.000469684
1	0	41	-364.67	38.4393	-443.915	70.6126	533.919	9.10277	0.00281814
1	0	42	-392.391	24.6253	-392.272	37.3806	542.245	5.71345	0.333944
1	0	43	-339.122	25.4923	-407.207	47.2801	474.667	6.04454	0.296638
1	0	44	-381.009	24.1915	-397.733	39.42	542.263	5.73362	0.437557
1	0	45	-336.973	43.0094	-422.927	69.8834	498.91	8.12502	0.0044112
1	0	46	-320.779	24.5384	-385.697	42.2734	454.996	5.24529	0.312394
1	0	47	-316.353	25.9162	-392.136	44.6446	471.364	5.42506	0.347555
1	0	48	-431.213	24.8984	-406.472	39.4162	594.435	6.74057	0.335477
1	0	49	-325.436	26.6427	-405.985	46.4314	478.492	5.89054	0.422279
1	0	50	-365.02	29.3695	-395.673	43.9873	517.582	5.8033	0.199065
1	0	51	-379.01	24.1389	-377.399	35.4421	510.372	5.38256	0.500345
1	0	52	-357.355	23.2075	-385.786	37.7486	492.241	5.16953	0.322316
1	0	53	-309.417	40.3371	-447.045	82.5481	494.753	8.43989	0.0051082
1	0	54	-399.817	27.5229	-385.559	37.5009	549.491	5.27918	0.430831
1	0	55	-284.15	18.3105	-498.623	69.7043	458.987	8.33311	0.312474
1	0	56	-342.207	27.1801	-371.478	37.8333	498.539	4.90717	0.283304
1	0	57	-414.215	27.2726	-384.628	37.0631	570.717	5.54929	0.361745
1	0	58	-407.639	26.7248	-382.178	36.4111	548.758	5.42163	0.320932
1	0	59	-371.982	45.0786	-438.469	72.4905	560.833	9.03507	0.00220933
1	0	60	-383.491	46.7992	-451.103	78.0015	580.507	10.3463	0.00100622
1	0	61	-326.282	29.1712	-389.585	43.7359	507.21	5.08002	0.514187
1	0	62	-319.727	30.8428	-503.537	93.4528	542.447	11.2221	0.0106784
1	0	63	-397.57	23.9834	-399.82	38.5526	548.184	5.8605	0.205971
1	1	0	-669.871	51.9514	-328.901	25.8901	496.402	5.22098	99.07
1	1	1	-342.394	26.9484	-390.767	43.0616	483.847	5.41336	0.288925
1	1	2	-424.541	25.9981	-387.08	36.1896	588.765	5.78325	0.477968
1	1	3	-364.654	24.3457	-380.727	35.9272	507.086	5.53838	0.484234
1	1	4	-368.25	22.9302	-392.181	40.3004	507.056	5.97408	0.433656
1	1	5	0	0	0	0	0	0	1000
1	1	6	-315.94	23.7362	-398.014	44.1219	466.311	5.14173	0.205029
1	1	7	-353.257	26.0493	-388.699	41.7618	503.259	5.70544	0.433027
1	1	8	0	0	0	0	0	0	1000
1	1	9	-415.631	29.2758	-389.558	37.9339	566.141	5.46878	0.288486
1	1	10	-310.164	29.494	-376.549	47.3299	457.205	5.58025	0.398888
1	1	11	-285.632	41.5593	-404.18	70.6594	449.05	6.62634	0.00305694
1	1	12	-328.157	25.9467	-393.044	43.5969	461.316	5.6197	0.485753
1	1	13	-284.865	17.1846	-481.716	60.6198	442.601	6.95644	0.535032
1	1	14	-405.268	29.3318	-400.286	41.9932	548.692	6.28585	0.180709
1	1	15	-312.738	42.3321	-411.882	70.6686	486.547	6.9663	0.0189931
1	1	16	-350.7	24.7607	-395.187	41.7063	500.98	5.48042	0.167333
1	1	17	-348.653	27.9369	-390.382	42.8229	485.711	5.42375	0.149571
1	1	18	-409.305	26.902	-402.808	42.8951	557.463	6.84086	0.207032
1	1	19	-388.726	28.3629	-363.824	35.1596	539.436	5.35944	0.27436
1	1	20	-338.546	56.8472	-301.194	125.803	450.295	31.8389	0.267979
1	1	21	-350.175	25.6724	-399.084	44.8963	488.232	6.22418	0.262632
1	1	22	-373.493	34.5053	-359.78	159.962	501.717	48.3463	0.251586
1	1	23	-319.841	24.4264	-426.496	52.6421	487.898	6.40905	0.381983
1	1	24	-345.888	23.3615	-409.903	44.6152	497.929	5.94792	0.24295
1	1	25	-272.321	18.8845	-453.998	57.8989	439.177	6.39596	0.500518
1	1	26	-349.585	28.5823	-366.981	37.6697	492.807	5.17639	0.233068
1	1	27	0	0	0	0	0	0	1000
1	1	28	-280.19	22.926	-395.948	47.5267	435.662	5.16664	0.66484
1	1	29	-357.007	24.2984	-395.252	40.0726	501.169	5.34006	0.203219
1	1	30	-348.14	24.8692	-352.544	35.3039	489.128	5.47066	0.442264
1	1	31	-347.621	30.0074	-370.66	46.2711	517.424	5.64242	0.0598334
1	1	32	-365.863	25.9034	-381.378	39.4435	510.711	6.27394	0.404205
1	1	33	-311.159	22.8298	-377.15	38.044	452.698	4.82797	0.273903
1	1	34	-364.221	28.007	-376.161	42.0992	521.746	5.51296	0.251782
1	1	35	-348.671	24.364	-391.065	40.2223	487.937	5.73146	0.225168
1	1	36	-370.032	22.7124	-379.296	34.632	503.293	5.02575	0.430969
1	1	37	-377.917	20.884	-381.737	32.4227	519.805	5.42641	0.492596
1	1	38	-361.573	23.3869	-409.098	42.8809	499.281	6.10707	0.255621
1	1	39	-404.265	29.1599	-404.906	41.9069	560.175	5.89759	0.350884
1	1	40	-347.108	31.2012	-379.744	43.267	489.209	5.34948	0.320847
1	1	41	-390.608	28.09	-398.461	41.1698	542.947	5.51592	0.287897
1	1	42	-464.148	24.997	-494.789	56.2841	645.97	9.6711	0.619386
1	1	43	-390.426	27.347	-418.985	47.0016	532.428	7.08904	0.187604
1	1	44	-404.863	23.862	-410.541	40.6101	535.775	7.10851	0.445801
1	1	45	-308.503	20.4763	-463.115	57.7475	478.563	6.96867	0.345108
1	1	46	-363.72	24.2679	-404.602	44.0606	489.992	6.87922	0.246534
1	1	47	-343.498	23.7748	-408.712	45.0841	483.025	6.18211	0.259474
1	1	48	-345.044	37.7009	-451.379	74.515	511.676	8.5094	0.0263658
1	1	49	-352.34	22.7214	-409.814	43.8965	494.213	5.71797	0.341597
1	1	50	-350.451	26.3602	-418.61	51.0297	491.894	6.68822	0.172036
1	1	51	-328.396	38.6264	-453.738	79.4104	493.864	8.67048	0.0012662
1	1	52	-368.295	26.0074	-397.59	42.2738	495.94	6.21343	0.33769
1	1	53	-353.865	48.7079	-428.684	75.224	524.854	8.06381	8.91E-05
1	1	54	-370.993	24.7628	-392.233	40.4073	516.497	6.54019	0.436723
1	1	55	-344.818	39.6796	-443.844	73.5533	517.364	8.85409	0.00125589
1	1	56	-376.115	23.238	-418.05	42.4823	520.393	5.61618	0.353441
1	1	57	-323.571	21.5175	-396.899	42.8224	467.165	5.81655	0.49349
1	1	58	-402.566	24.8496	-380.56	35.297	524.798	5.24841	0.376592
1	1	59	-373.875	25.6003	-420.205	46.7044	513.007	6.40616	0.313976
1	1	60	-372.496	40.8757	-445.092	73.2808	553.991	9.03527	0.00157642
1	1	61	-354.648	45.3597	-425.536	71.8783	529.934	8.16755	0.00699513
1	1	62	-347.268	45.257	-419.995	69.2758	522.156	7.73135	0.00103332
1	1	63	-365.202	25.7303	-396.529	41.0783	503.058	5.72413	0.297578
1	2	0	-1.30E+06	30.4424	-1.69E+07	1.45E+06	1.30E+06	30.4405	0.0436635
1	2	1	-318.274	29.5939	-411.576	54.4894	508.611	6.03009	2.85701
1	2	2	-350.769	30.0077	-353.399	37.8098	465.653	4.82251	3.54138
1	2	3	-259.745	40.8218	-466.435	109.713	472.976	9.42966	3.9914
1	2	4	-8.90E+06	35.2646	-1.85E+07	379134	8.90E+06	35.2645	20.6162
1	2	5	-319.695	27.7849	-366.7	42.28	456.852	5.06739	3.1313
1	2	6	-313.112	25.0848	-359.898	39.5259	473.139	4.84851	3.62786
1	2	7	-293.276	25.7121	-380.524	45.3509	444.675	4.99317	2.52637
1	2	8	-1207.79	100.214	-170.819	11.7901	573.917	3.93483	40.0709
1	2	9	-298.759	24.5169	-377.068	48.2438	448.772	6.83261	3.49337
1	2	10	-291.578	25.8374	-361.392	45.0733	423.074	5.88345	3.3856
1	2	11	-315.119	22.8093	-383.916	41.1633	478.621	5.23117	3.89302
1	2	12	-315.043	24.9093	-381.677	44.5167	509.826	5.28138	3.7885
1	2	13	-233.813	37.2742	-455.07	104.881	400.598	8.4504	3.75255
1	2	14	-299.001	38.9862	-465.795	96.2332	511.437	9.81048	3.74271
1	2	15	-287.586	26.2608	-410.849	58.7488	430.971	6.75169	2.82511
1	2	16	-297.972	20.1569	-407.052	45.7581	436.51	5.53516	2.08865
1	2	17	-212.491	34.2834	-458.119	102.805	413.355	7.44371	5.44106
1	2	18	-977.263	69.5063	-181.921	11.5248	528.812	3.47543	30.2654
1	2	19	-403.728	27.7704	-367.145	34.4583	542.949	4.88069	4.17794
1	2	20	-327.967	17.4527	-448.881	41.8708	484.212	5.85741	176.698
1	2	21	0	0	0	0	0	0	1000
1	2	22	-318.229	26.9133	-398.189	49.5091	451.164	5.67313	2.86442
1	2	23	-349.431	24.5434	-395.61	43.029	516.353	5.37912	3.16783
1	2	24	-279.856	25.8649	-406.021	55.3484	455.172	5.64111	2.68068
1	2	25	-2.21E+06	28.6878	-3.12E+07	2.56E+06	2.21E+06	28.6879	0.155193
1	2	26	-298.842	21.6706	-389.765	44.7779	479.707	5.51159	3.83693
1	2	27	-324.027	26.2354	-396.49	49.2882	506.851	6.43493	3.35454
1	2	28	-336.12	29.4539	-365.399	42.3177	504.81	5.11198	4.44333
1	2	29	-311.745	23.5478	-396.916	49.9053	506.886	6.04591	2.95225
1	2	30	-306.124	16.3748	-387.883	40.5711	443.879	5.35969	2.28279
1	2	31	-308.053	21.5904	-385.03	41.4011	437.881	5.21866	2.59259
1	2	32	-399.393	25.3445	-403.715	40.4797	533.441	6.32869	0.187637
1	2	33	-348.378	25.8517	-405.44	43.8202	529.917	5.83868	0.244533
1	2	34	-339.514	44.0752	-445.998	79.518	458.903	8.5883	0.000766208
1	2	35	-386.445	18.7223	-407.152	39.3843	497.536	6.13948	0.137496
1	2	36	-341.988	34.4356	-474.023	81.4393	572.294	9.83968	0.0223293
1	2	37	-362.002	40.2431	-436.574	67.9633	494.063	7.68651	0.0136934
1	2	38	-406.444	25.623	-396.325	39.038	527.901	6.02393	0.448139
1	2	39	-286.522	11.7581	-677.223	110.697	592.662	15.176	4.38565
1	2	40	0	0	0	0	0	0	1000
1	2	41	-431.126	13.5896	-490.014	35.8168	520.847	7.1649	334.214
1	2	42	-387.598	27.8398	-404.512	47.3897	543.138	6.29047	0.117092
1	2	43	-396905	388.292	-1.37E+06	29142.2	397025	388.369	1095.51
1	2	44	-362.974	22.301	-423.243	44.6429	499.61	6.92545	0.269501
1	2	45	-366.895	24.9928	-417.194	46.5217	521.361	6.75955	0.138908
1	2	46	-408.558	25.2933	-409.383	41.225	566.088	6.8013	0.269217
1	2	47	-405.437	22.1725	-418.615	41.286	573.187	5.96718	0.231034
1	2	48	-364.522	25.7897	-434.03	52.0395	528.06	7.39378	0.165571
1	2	49	-320.271	24.7741	-432.805	54.4669	456.451	6.44471	0.293009
1	2	50	-1.05E+07	16.7551	-1.20E+08	4.84E+07	1.05E+07	16.7906	11.0962
1	2	51	-350.782	28.212	-386.008	41.845	481.753	5.62395	0.371474
1	2	52	-404.075	29.1921	-410.694	45.4171	511.44	7.14096	0.355625
1	2	53	-333.688	29.0344	-368.635	39.2296	454.475	4.71587	0.413699
1	2	54	-351.659	158.023	-421.732	194.42	439.747	15.8398	3.93E-08
1	2	55	-339.077	36.4715	-457.639	75.189	513.225	8.98582	0.00180342
1	2	56	-378.888	23.2181	-409.804	42.3146	501.811	6.36219	0.358165
1	2	57	-348.456	22.3898	-386.996	37.3969	449.04	5.25007	0.334055
1	2	58	-391.945	22.746	-413.214	41.9268	535.393	6.49353	0.307186
1	2	59	-296.497	25.4909	-365.532	41.4226	439.532	4.90654	0.346125
1	2	60	-372.139	24.6472	-419.371	48.0881	528.07	7.90056	0.16908
1	2	61	-1.65E+06	32.2405	-5.63E+06	117242	1.65E+06	32.2395	1250.52
1	2	62	-419.506	17.2607	-413.423	35.8952	545.18	5.82234	0.0618419
1	2	63	-334.162	40.4437	-315.783	122.132	453.391	31.4269	0.546367
1	3	0	-476.35	40.1303	-292.06	24.1747	465.194	4.20126	5.64868
1	3	1	-345.833	139.299	-470.962	238.574	428.146	22.5082	1.09E-07
1	3	2	-358.025	21.9052	-420.35	45.9434	518.002	6.75442	0.396796
1	3	3	-354.827	54.9333	-425.208	81.9443	477.651	8.86465	0.0037377
1	3	4	-861079	31.9235	-1.57E+07	1.79E+06	861372	31.9235	17.9412
1	3	5	-317.817	20.6631	-365.266	35.0423	473.252	5.14353	0.245537
1	3	6	-299.465	145.639	-445.473	233.288	437.228	17.1047	2.55E-08
1	3	7	-330.104	27.2673	-385.179	42.8569	476.064	5.17473	0.249264
1	3	8	-374.434	25.65	-403.762	41.9788	501.339	6.26042	0.297235
1	3	9	-391.195	25.0635	-380.392	37.5373	531.902	6.5504	0.390853
1	3	10	-370.044	30.7744	-399.161	45.1135	494.748	5.91595	0.459005
1	3	11	-381322	21.3875	-1.32E+07	1.49E+07	381685	21.3898	1.37412
1	3	12	-369.176	53.0506	-440.163	81.7701	486.695	9.19018	0.000741191
1	3	13	-322.304	16.5907	-411.713	40.1994	461.541	5.47516	0.00923429
1	3	14	-340.092	34.1563	-466.483	77.1785	556.619	8.90013	0.00131272
1	3	15	-362.191	24.1936	-417.617	45.9328	491.345	5.67857	0.32076
1	3	16	-373.073	49.4498	-442.97	77.8022	495.711	8.88137	0.0078903
1	3	17	-325.85	143.134	-432.177	200.323	418.339	16.115	1.48E-07
1	3	18	-359.039	46.2349	-427.081	71.9143	489.721	8.13135	0.0104612
1	3	19	-315.209	41.3776	-464.687	87.7724	438.786	8.76644	0.00505414
1	3	20	-256.808	33.4949	-481.526	97.9389	386.145	8.69723	0.0606407
1	3	21	-374.717	28.4328	-389.152	41.1697	501.532	5.881	0.399683
1	3	22	-323.023	41.5867	-417.516	70.8788	532.909	7.60047	2.76E-06
1	3	23	-367.358	52.3976	-416.862	71.679	488.477	7.82795	0.00371532
1	3	24	-370.725	53.4056	-410.052	69.5228	494.572	8.4528	0.0489251
1	3	25	-344.199	42.7154	-446.793	77.9247	466.617	8.34527	0.00527999
1	3	26	-335.084	19.6476	-377.308	34.5972	464.354	4.93803	0.048526
1	3	27	-256.522	61.8451	-638.633	460.652	418.153	41.1251	1.47E-07
1	3	28	-399.691	21.056	-380.277	33.1778	507.531	5.61805	0.225035
1	3	29	-291.283	33.5892	-447.324	75.7021	471.718	7.67136	0.000650715
1	3	30	-318.232	39.4058	-459.532	83.7643	429.259	9.49296	0.00476581
1	3	31	-309.154	144.958	-441.968	226.812	403.148	17.3286	3.64E-07
1	3	32	-244.3	36.3067	-513.736	137.475	440.139	11.7509	4.29653
1	3	33	-1.12E+06	33.503	-1.24E+07	1.04E+06	1.12E+06	33.503	0.137044
1	3	34	-843.905	62.2875	-201.185	14.6541	531.915	3.70492	24.8011
1	3	35	-244.139	40.9809	-476.343	123.979	451.969	10.0035	7.15485
1	3	36	-362067	1.64E+06	-35.1881	18.8617	373.608	4.16945	0.00507151
1	3	37	0	0	0	0	0	0	1000
1	3	38	-178.205	37.2571	-521.204	196.525	429.412	11.888	8.62735
1	3	39	-230.059	45.9556	-475.141	142.838	417.727	10.757	5.1115
1	3	40	0	0	0	0	0	0	1000
1	3	41	-297.79	26.3745	-361.668	44.711	450.147	5.52661	5.39509
1	3	42	-200.086	42.8367	-501.735	179.268	409.57	12.2325	5.21947
1	3	43	-4.37E+06	32.064	-5.74E+07	5.81E+06	4.37E+06	32.064	0.136238
1	3	44	-246.922	35.2657	-531.362	145.513	444.95	12.6577	4.67418
1	3	45	-342.024	26.172	-346.781	38.3763	465.782	5.43132	4.24788
1	3	46	-1.59E+06	32.1642	-2.18E+07	1.87E+06	1.59E+06	32.1642	3.77196
1	3	47	-2.63E+06	35.3349	-3.20E+07	3.05E+06	2.63E+06	35.3349	0.0755796
1	3	48	-251.386	38.6247	-522.504	150.597	485.003	13.0671	4.49648
1	3	49	-285.773	19.2506	-380.211	43.3045	406.209	5.17745	3.41206
1	3	50	-1.55E+07	1.26724	-1.92E+08	1.41421	1.55E+07	1.26724	0.959294
1	3	51	-180.417	71.4976	-1357.31	1428.91	500.168	97.3368	7.8618
1	3	52	-3.08E+06	36.4441	-4.84E+07	5.49E+06	3.08E+06	36.4442	2.06746
1	3	53	-222.497	24.3809	-545.828	143.774	421.524	12.1804	3.30329
1	3	54	-311.475	24.3133	-411.774	50.4007	496.557	6.07309	4.71384
1	3	55	-334.09	30.1806	-343.52	38.5537	474.831	4.82365	5.37819
1	3	56	-470837	36.7501	-6.33E+06	649627	471150	36.7486	0.306753
1	3	57	-340.184	33.8413	-349.927	44.0173	482.234	5.97226	4.72216
1	3	58	-4.99E+06	28.9796	-6.33E+07	5.56E+06	4.99E+06	28.9796	0.427864
1	3	59	-215.757	40.3138	-555.013	209.903	412.206	15.4879	5.37033
1	3	60	-229.914	49.0067	-484.829	157.88	433.877	11.6582	5.33704
1	3	61	-266.836	18.1523	-365.658	43.4178	425.253	4.99659	5.54712
1	3	62	0	0	0	0	0	0	1000
1	3	63	-246.321	33.4623	-492.774	119.278	442.444	10.6092	5.5308
2	0	0	-1254.53	129.5	-196.046	13.3257	503.866	3.42717	5.26041
2	0	1	-376.797	52.9409	-403.251	69.2369	580.064	8.14036	4.03E-05
2	0	2	-322.415	28.0227	-386.752	43.2718	490.243	5.22509	0.559546
2	0	3	-299.372	46.0465	-423.35	79.343	494.224	7.42163	0.0187703
2	0	4	-336.154	28.1842	-371.071	41.2151	505.285	5.17808	0.0783589
2	0	5	-340.837	29.707	-358.844	39.4269	490.324	4.90544	0.63628
2	0	6	-315.637	27.6779	-389.784	46.0667	491.118	5.71465	0.501427
2	0	7	-316.54	29.8893	-359.871	40.6582	474.923	4.69717	0.458998
2	0	8	-363.521	32.3526	-361.286	38.8241	541.175	4.99819	0.368562
2	0	9	-321.278	22.9899	-413.413	50.4413	480.254	6.57534	0.552407
2	0	10	-317.971	29.6001	-359.375	42.0791	471.518	5.337	0.350243
2	0	11	0	0	0	0	0	0	1000
2	0	12	0	0	0	0	0	0	1000
2	0	13	0	0	0	0	0	0	1000
2	0	14	-286.087	23.1169	-434.404	60.3743	454.006	7.41196	0.379786
2	0	15	0	0	0	0	0	0	1000
2	0	16	-312.567	29.3805	-378.445	45.0734	459.635	5.08954	0.433581
2	0	17	-363.247	30.5745	-360.352	38.0684	496.656	4.87562	0.421513
2	0	18	-356.701	52.6963	-413.286	75.4798	544.575	8.25954	0.0015233
2	0	19	-405.442	33.3722	-368.768	40.7878	539.144	6.39825	0.428963
2	0	20	-423.641	33.2382	-364.503	38.8185	587.725	6.38725	0.268251
2	0	21	-361.584	45.0882	-410.028	65.5884	528.289	7.45558	0.000227035
2	0	22	-312.289	27.1483	-373.04	41.8197	480.806	4.862	0.550308
2	0	23	-311.624	38.9357	-429.645	71.7672	485.842	7.82754	0.000716599
2	0	24	-372.67	24.7591	-376.095	37.2481	520.853	5.42571	0.34824
2	0	25	-344.398	49.5539	-388.977	62.5437	515.13	6.40272	0.0067427
2	0	26	-358.092	26.9987	-354.766	34.6723	497.819	4.69265	0.478929
2	0	27	-395.985	32.2739	-369.408	39.6434	545.628	5.69829	0.618735
2	0	28	-388.457	28.97	-381.916	41.4552	520.703	6.0676	0.463173
2	0	29	-325.195	50.3015	-403.798	77.0798	496.848	8.63728	0.0103459
2	0	30	-408.989	28.1605	-360.276	35.6615	548.733	5.70573	0.399877
2	0	31	-385.795	28.1983	-378.481	40.0899	529.201	6.09942	0.363182
2	0	32	-340.671	49.4861	-393.982	65.9617	529.58	6.99525	0.000633765
2	0	33	-424.433	26.7725	-374.262	38.0003	558.946	5.98751	0.560235
2	0	34	-322.258	41.0813	-447.61	82.4157	510.857	8.73713	0.00197785
2	0	35	-382.47	50.7333	-426.17	79.3802	588.164	9.63951	0.0010986
2	0	36	-286.836	33.1316	-452.22	79.7618	499.821	9.15572	2.13E-06
2	0	37	-355.232	56.1987	-377.714	62.979	534.182	6.15302	0.000128526
2	0	38	0	0	0	0	0	0	1000
2	0	39	-425.492	30.0914	-372.971	37.2504	586.129	5.49301	0.42871
2	0	40	-314.74	26.4864	-388.413	46.7053	485.781	5.40873	0.587538
2	0	41	-389.396	30.6806	-364.81	41.4278	601.156	6.61516	0.313152
2	0	42	-343.993	55.3162	-286.152	115.961	466.517	30.5024	0.283
2	0	43	-319.455	48.6689	-397.998	70.8695	536.899	6.88438	0.0110454
2	0	44	-323.136	51.6579	-407.972	75.6084	526.831	7.31566	0.00301977
2	0	45	-371.665	29.3798	-363.009	36.8576	517.55	4.75027	0.757298
2	0	46	-270.913	36.9139	-442.182	85.5956	467.324	7.64969	0.00285965
2	0	47	-414.241	20.9533	-390.071	37.8821	549.905	6.08324	0.345549
2	0	48	-350.019	27.9459	-369.808	39.7581	504.52	5.50776	0.448862
2	0	49	-311.667	24.8985	-428.171	54.9083	483.242	6.67247	0.211876
2	0	50	-357.792	31.7167	-385.898	45.1486	518.649	5.3407	0.32284
2	0	51	-362.829	30.7113	-388.122	44.3017	523.475	5.87601	0.196775
2	0	52	-401.217	31.7511	-382.433	43.0907	558.344	5.69683	0.260508
2	0	53	-354.409	48.5549	-412.392	72.1558	556.024	8.13214	0.000819155
2	0	54	-440.933	35.2778	-386.356	44.2686	599.785	6.35525	0.404906
2	0	55	-428.973	32.3188	-390.03	41.8376	597.145	6.65251	0.398617
2	0	56	-313.737	44.9216	-407.948	73.2915	502.72	7.1288	0.0184371
2	0	57	-379.268	27.2112	-380.819	39.9889	526.626	5.75731	0.308463
2	0	58	-355.891	45.4852	-418.995	73.4498	536.211	8.17294	0.000579456
2	0	59	-400.382	59.5146	-436.385	88.8059	617.39	10.3969	0.0314002
2	0	60	-360.707	26.9291	-367.715	37.1884	524.581	4.96257	0.419762
2	0	61	-927622	32.1802	-1.17E+07	908956	928026	32.1803	18.0392
2	0	62	-373.588	45.0443	-424.086	70.2317	558.865	8.1723	0.00239715
2	0	63	-393.84	47.2556	-453.965	80.1917	590.644	10.0331	0.0766361
2	1	0	0	0	0	0	0	0	1000
2	1	1	-287.386	13.2426	-577.262	86.2691	533.442	10.9829	31.4604
2	1	2	-266.265	14.4124	-642.82	132.98	563.773	15.2361	0.785554
2	1	3	-313.741	51.1848	-396.637	80.1032	503.754	8.44979	0.0331015
2	1	4	-376.602	30.9835	-400.095	44.8684	527.169	5.95132	0.117853
2	1	5	-368.966	170.471	-388.277	155.592	521.909	11.9519	1.47E-07
2	1	6	-320.449	42.6576	-421.552	72.6671	512.51	7.48875	0.0219636
2	1	7	-409.273	31.6707	-419.584	48.4691	550.809	7.08194	0.000718607
2	1	8	-284.527	14.5341	-634.406	113.635	561.136	13.8296	2.51459
2	1	9	0	0	0	0	0	0	1000
2	1	10	-355.952	20.7335	-377.712	35.2962	500.049	4.71307	0.465151
2	1	11	-394.433	42.4442	-311.504	126.805	483.055	39.8548	0.441571
2	1	12	0	0	0	0	0	0	1000
2	1	13	-339.263	46.2157	-425.088	72.169	509.13	8.19085	0.0449497
2	1	14	-366.227	20.1785	-397.7	37.5938	482.298	5.93753	0.186462
2	1	15	-350.023	26.8498	-371.957	40.6598	511.128	5.36213	0.400213
2	1	16	-299.898	40.612	-417.033	70.3617	502.614	6.84403	0.089428
2	1	17	-372.218	165.593	-425.614	196.285	579.59	17.3411	2.37E-08
2	1	18	-421.065	24.0917	-392.373	36.1188	572.955	5.9413	0.191748
2	1	19	-462.496	17.2701	-872.423	139.198	663.009	28.5897	1.74137
2	1	20	-366.366	28.9412	-385.95	41.1503	513.911	5.46593	0.509078
2	1	21	-386.138	166.923	-396.564	160.768	534.222	14.0313	1.07E-08
2	1	22	-380.577	27.9286	-389.023	41.9595	535.575	6.57797	0.255583
2	1	23	-397.97	26.5044	-388.105	38.5873	527.623	6.11423	0.0181593
2	1	24	-376.466	51.174	-505.11	538.935	602.874	152.701	8.62E-09
2	1	25	-290.231	41.7182	-463.443	95.4471	493.01	9.15504	0.0275468
2	1	26	-340.449	45.986	-405.579	64.9662	516.846	6.14961	0.0232804
2	1	27	-337.605	25.0066	-408.245	51.7981	500.346	5.96664	0.426367
2	1	28	-476.484	31.122	-391.089	36.7703	633.66	7.1025	0.00676628
2	1	29	-384.657	25.2585	-371.9	36.8304	527.211	5.71968	0.439041
2	1	30	-399.461	23.1142	-373.72	33.0472	525.201	4.68982	0.405383
2	1	31	-344.247	27.8542	-386.025	43.0996	492.609	5.35047	0.117279
2	1	32	-490.256	31.3588	-392.4	36.7785	658.409	6.23256	0.14651
2	1	33	-341.865	66.3221	-420.034	432.096	528.422	107.774	5.16E-08
2	1	34	-401.536	26.073	-389.517	36.9926	543.2	5.93857	0.22382
2	1	35	-407.494	47.6816	-449.969	393.226	607.695	120.495	1.10E-08
2	1	36	-427.006	55.4252	-298.242	104.943	512.64	34.441	0.358465
2	1	37	-384.521	12.5519	-781.151	141.847	602.564	23.3607	1.95144
2	1	38	-468.64	27.673	-386.839	34.8681	612.447	5.86786	0.504083
2	1	39	-286.57	36.5673	-480.884	96.2307	507.629	9.38912	0.0465659
2	1	40	-292.706	76.8284	-371.119	322.919	477.975	68.3904	1.55E-08
2	1	41	-402.185	26.2938	-392.843	37.1254	540.219	5.68348	0.299122
2	1	42	-405.804	23.1573	-416.453	46.2683	543.891	9.80212	0.236977
2	1	43	-414.801	36.3286	-441.696	296.603	580.829	100.154	0.773152
2	1	44	-384.199	46.4742	-445.349	79.9952	571.683	10.7155	0.0392593
2	1	45	-412.157	22.1088	-390.438	33.0228	558.208	4.95592	0.312095
2	1	46	-429.773	45.2177	-443.303	69.1255	628.234	9.84806	0.00575337
2	1	47	0	0	0	0	0	0	1000
2	1	48	-290.723	13.2292	-738.613	184.233	580.955	23.2192	2.34468
2	1	49	-443.155	35.6782	-378.084	178.685	582.658	64.6404	0.0614555
2	1	50	-397.908	25.4962	-402.979	40.9634	558.882	6.37314	0.192648
2	1	51	-357.471	46.0058	-503.477	530.672	551.264	141.528	3.87E-07
2	1	52	-407.506	28.5073	-396.588	41.6585	541.879	6.14939	0.324252
2	1	53	-373.602	59.4737	-423.836	80.6092	549.681	8.46815	0.0844628
2	1	54	-365.556	22.678	-407.297	41.3569	526.003	6.67651	0.438752
2	1	55	-374.871	56.5902	-426.497	78.8472	567.179	8.56642	0.005856
2	1	56	-369.421	26.2407	-406.896	43.4536	511.08	6.29505	0.292339
2	1	57	0	0	0	0	0	0	1000
2	1	58	-366.693	109.959	-619.898	503.521	623.132	149.809	4.68E-07
2	1	59	0	0	0	0	0	0	1000
2	1	60	-343.514	23.2244	-380.04	38.6389	511.858	5.06896	0.165219
2	1	61	0	0	0	0	0	0	1000
2	1	62	-339.788	43.5959	-605.666	304.678	534.292	37.9522	1.38E-09
2	1	63	-8.45E+06	31.0887	-3.00E+07	788854	8.45E+06	31.0897	655.085
2	2	0	-2.30E+06	37.4381	-1.07E+07	323680	2.30E+06	37.4381	54.8384
2	2	1	-348.707	30.5707	-346.062	37.0699	506.977	4.97085	0.273908
2	2	2	-393.545	27.4062	-361.782	35.4155	548.34	5.40918	0.405116
2	2	3	-354.563	165.278	-388.835	158.456	509.512	11.8924	1.91E-07
2	2	4	-327.508	22.6401	-394.245	40.8755	488.274	5.09995	1.04974
2	2	5	-372.642	176.197	-401.901	178.498	553.338	14.8453	7.70E-09
2	2	6	-267.954	41.4381	-435.175	89.8187	470.533	7.95319	0.00274685
2	2	7	-298.558	23.0587	-422.467	51.4469	482.294	5.87159	0.601727
2	2	8	-378.652	22.4897	-401.143	39.6296	546.39	5.64015	0.227565
2	2	9	-320.431	51.0175	-407.747	76.5795	503.756	7.27304	0.0299362
2	2	10	-330.297	25.5587	-369.029	37.8855	482.942	4.67051	0.266195
2	2	11	-364.559	46.1118	-448.214	84.1021	542.542	9.85807	0.0205649
2	2	12	-308.866	20.8665	-441.832	55.9074	480.166	7.04035	0.334939
2	2	13	-374.496	31.9956	-387.038	44.1124	531.896	6.43466	0.22072
2	2	14	-292.066	41.4318	-407.182	72.6614	504.381	7.51942	0.0187164
2	2	15	-301.866	43.2537	-383.254	60.7668	492.424	5.6746	8.55E-06
2	2	16	-370.333	25.7245	-396.635	43.2617	517.898	6.34207	0.422997
2	2	17	-330.891	41.6936	-407.331	66.0609	536.514	7.50645	0.0103556
2	2	18	-340.768	50.181	-293.409	112.451	460.915	29.2896	0.325726
2	2	19	-399.746	29.3058	-389.966	39.8575	545.734	5.61811	0.244576
2	2	20	-354.225	65.8293	-539.15	621.397	558.286	164.969	3.05E-07
2	2	21	-339.927	42.1249	-444.74	78.3675	518.066	8.3774	0.0597991
2	2	22	-418.467	26.9423	-417.05	44.5893	567.827	7.1883	0.283527
2	2	23	-358.41	29.9609	-397.95	46.5829	513.869	6.06307	0.172289
2	2	24	-353.386	47.8409	-428.716	417.847	541.07	111.181	1.13E-08
2	2	25	-384.076	62.8854	-532.53	580.895	595.745	164.805	1.20E-08
2	2	26	-362.148	28.6931	-360.829	38.8423	500.33	5.14602	0.301464
2	2	27	-340.302	27.9176	-368.952	38.393	484.056	4.84295	0.303197
2	2	28	-411.877	30.0462	-353.543	34.6865	555.104	5.44799	0.374326
2	2	29	-345.089	42.5039	-441.926	76.065	536.065	8.90007	0.00803501
2	2	30	-383.859	29.5112	-384.547	43.5659	524.972	6.53661	0.236071
2	2	31	-459.884	1071.38	-4203.32	12345.1	836.343	1092.87	19.2408
2	2	32	-395.211	53.7219	-444.018	82.1983	580.517	9.80863	0.0049898
2	2	33	-371.593	27.1626	-379.376	38.586	505.789	5.22535	0.419776
2	2	34	-394.702	30.7488	-382.95	43.0867	547.353	6.61505	0.206119
2	2	35	-367.428	27.9663	-374.711	41.2678	514.836	5.46624	0.313666
2	2	36	-421.187	30.1138	-391.682	40.5943	579.372	5.98134	0.300149
2	2	37	-411.393	26.5825	-372.253	36.4826	551.692	6.01612	0.360282
2	2	38	-426.752	28.4726	-372.225	34.8125	573.749	5.91613	0.344658
2	2	39	-383.443	27.8975	-381.315	43.5074	523.052	7.26502	0.264144
2	2	40	-299.708	47.0452	-384.6	66.6959	476.372	6.14956	0.000307753
2	2	41	-372.535	49.4952	-420.427	71.6104	570.876	8.58702	0.0337818
2	2	42	-353.747	31.8347	-381.143	45.7077	497.094	5.7443	0.232884
2	2	43	-397.038	30.3877	-381.539	40.8395	571.712	6.68334	0.245843
2	2	44	-321.665	25.3901	-388.145	44.4008	457.983	5.80895	0.326319
2	2	45	-366.728	24.8223	-397.591	43.7472	512.405	6.4813	0.318489
2	2	46	-358.104	25.4563	-386.6	39.2555	502.351	5.4456	0.394405
2	2	47	-405.79	30.9568	-390.599	40.7528	543.798	5.90955	0.301512
2	2	48	-373.174	25.2606	-385.908	38.675	529.495	5.66954	0.235367
2	2	49	-370.27	28.0797	-405.001	45.4594	511.912	5.97263	0.28008
2	2	50	-369.539	24.5899	-399.477	42.8842	524.607	6.29706	0.392085
2	2	51	-315.554	25.9337	-370.877	40.7284	463.807	5.24222	0.274048
2	2	52	-371.151	50.0507	-411.598	67.2235	564.063	7.51713	0.0055366
2	2	53	-346.263	43.8568	-419.802	70.2517	537.099	7.63747	0.0275487
2	2	54	-371.187	28.7804	-385.674	41.0201	514.204	5.7808	0.439947
2	2	55	-370.778	52.3716	-319.738	141.512	504.394	40.6323	0.24444
2	2	56	-361.347	24.0331	-374.13	35.5025	523.821	5.12524	0.312362
2	2	57	0	0	0	0	0	0	1000
2	2	58	-338.336	41.2655	-422.776	70.0593	515.427	7.59683	0.000868987
2	2	59	-484.069	31.6315	-388.086	40.0524	641.516	7.06215	0.420373
2	2	60	-298.181	34.6836	-438.748	74.3557	517.38	7.4614	0.000666698
2	2	61	-452.711	27.4282	-395.204	36.5718	628.069	5.45455	0.148166
2	2	62	-352.874	27.639	-371.218	40.2993	515.984	5.36858	0.341729
2	2	63	-303.612	23.5188	-402.995	45.6612	478.345	5.73453	0.554653
2	3	0	-355.053	164.798	-382.57	151.709	477.392	11.1263	5.51E-10
2	3	1	-309.563	55.684	-417.774	86.0046	428.57	7.94871	0.00843231
2	3	2	0	0	0	0	0	0	1000
2	3	3	-340.151	338.148	-384.935	339.804	447.211	22.7368	2.65E-07
2	3	4	-357.319	51.9968	-418.681	74.1307	506.128	8.10187	0.00325456
2	3	5	-324.906	33.1917	-469.62	81.4327	471.618	9.57443	0.090264
2	3	6	-334.64	52.9368	-408.149	73.834	474.375	7.19562	0.000668577
2	3	7	-345.574	52.2389	-415.429	72.5306	482.779	7.32311	0.0069978
2	3	8	-306.636	47.2471	-438.82	86.6047	431.296	8.58141	5.53E-05
2	3	9	-365.635	53.3854	-410.666	69.3066	502.971	7.26387	1.90E-05
2	3	10	-283.867	43.712	-412.047	74.299	417.297	6.56338	0.000215456
2	3	11	-288.184	35.5793	-442.535	76.3487	434.041	7.93891	0.00241025
2	3	12	-352.74	51.5143	-396.146	65.0318	483.997	6.86686	0.0125181
2	3	13	-381.515	49.4071	-437.898	74.6106	512.313	8.86934	0.098312
2	3	14	-350.179	55.6552	-423.443	79.3052	486.603	8.34351	0.029162
2	3	15	-360.632	25.2192	-441.164	51.2947	496.612	6.9257	0.0511396
2	3	16	-359.615	21.5684	-389.787	37.4927	475.867	5.60556	0.16175
2	3	17	-272.026	39.4744	-444.977	87.3562	404.045	7.93043	0.0547548
2	3	18	-365.593	24.2417	-449.005	54.1773	497.383	7.81877	0.0655349
2	3	19	-356.873	46.8356	-420.966	68.885	492.34	7.51708	0.00106227
2	3	20	-323.447	16.4053	-472.297	52.2997	463.281	7.72516	0.0122257
2	3	21	-365.213	22.7642	-434.802	47.7569	491.807	7.03551	0.0248009
2	3	22	0	0	0	0	0	0	1000
2	3	23	-339.76	44.5547	-433.457	72.2854	462.454	7.88346	0.0084048
2	3	24	-272.147	28.3027	-620.571	181.275	516.871	18.3458	0.761887
2	3	25	-349.9	57.5582	-398.835	70.0546	473.465	7.06847	0.0315007
2	3	26	-332.534	46.8942	-427.048	74.7685	500.326	7.64071	0.0591331
2	3	27	-301.466	24.7605	-504.03	88.2242	480.845	10.078	0.241579
2	3	28	-309.548	40.1057	-462.559	86.0837	463.288	8.73271	0.00540841
2	3	29	-313.339	54.3495	-428.121	88.0625	454.406	8.4438	0.00314511
2	3	30	-371.017	17.0095	-377.967	31.3938	475.949	4.86663	0.321761
2	3	31	-353.996	57.1422	-409.869	73.9252	487.22	7.63215	0.0105879
2	3	32	-402.514	14.0395	-432.534	37.9969	566.618	6.85598	0.00253462
2	3	33	-420.934	21.8953	-407.758	40.1604	539.671	8.63197	0.143144
2	3	34	-321.626	49.9355	-448.854	91.6276	482.448	8.98588	0.0065269
2	3	35	-346.322	35.9235	-435.482	67.3096	489.005	8.87962	0.0252625
2	3	36	-392.831	47.7782	-438.472	72.81	527.26	8.39273	0.000571764
2	3	37	-315.657	47.2455	-414.369	72.4546	441.869	7.07914	0.0174103
2	3	38	-385.62	48.4688	-429.598	70.1734	538.861	8.21628	0.000179357
2	3	39	-360.252	44.8427	-441.951	71.6392	495.076	8.01966	0.036881
2	3	40	-393.852	52.3695	-467.545	89.8241	543.812	11.0044	0.00128637
2	3	41	-401.453	22.8794	-456.673	51.7808	549.011	8.7674	0.0134466
2	3	42	-347.86	46.6581	-462.773	90.594	487.058	10.4716	0.0486221
2	3	43	-356.094	41.0574	-448.402	73.9288	492.369	8.62282	0.00779976
2	3	44	-339.075	47.165	-432.724	77.9601	471.584	8.81274	0.0280592
2	3	45	-398.325	25.765	-422.206	46.1363	527.976	7.10598	0.0774301
2	3	46	-361.142	52.5949	-417.024	72.4628	486.312	8.16927	0.04155
2	3	47	-361.681	17.4866	-451.303	44.2452	494.071	7.01316	0.0292907
2	3	48	-402.287	50.1543	-445.555	77.7542	533.944	9.95141	0.000210213
2	3	49	-343.784	55.1638	-420.903	79.5154	474.106	8.19273	0.0224676
2	3	50	-382.436	25.3743	-415.226	43.9171	518.086	6.85035	0.0397012
2	3	51	-335.861	49.8808	-449.746	89.6766	467.09	9.25113	0.0103112
2	3	52	-361.308	47.5315	-437.57	75.7853	500.787	8.69246	0.00953337
2	3	53	-352.699	42.6921	-451.203	77.3904	484.758	8.8177	0.0308026
2	3	54	-331.556	50.6675	-407.03	70.2458	456.651	7.37073	0.0150791
2	3	55	-329.88	50.2516	-457.104	98.4322	485.111	11.6935	0.0250488
2	3	56	-366.465	53.8269	-432.968	79.217	510.517	8.63158	0.00225775
2	3	57	-352.274	50.4351	-408.711	68.9009	510.601	7.3531	0.000152544
2	3	58	0	0	0	0	0	0	1000
2	3	59	-354.23	191.5	-591.46	1392.5	552.517	370.388	6.81E-08
2	3	60	-287.76	14.2068	-469.991	51.7137	447.868	6.55429	0.00332875
2	3	61	-265.283	49.886	-446.904	105.473	411.4	8.29691	0.0306439
2	3	62	0	0	0	0	0	0	1000
2	3	63	-314.599	16.6776	-429.219	42.1155	454.289	5.99922	0.00643444
3	0	0	-1807.57	160.713	-171.61	9.13524	544.586	3.59577	11.2182
3	0	1	-316.624	44.1307	-422.368	74.4025	510.9	7.60328	0.0238425
3	0	2	-334.351	23.6023	-424.231	48.1207	494.094	6.66526	0.118358
3	0	3	-380.951	25.1559	-392.238	38.9125	539.437	5.96868	0.391548
3	0	4	-376.51	29.2217	-401.99	44.437	566.698	6.94094	0.410104
3	0	5	-293.587	36.7582	-451.485	79.9227	512.963	7.94475	0.0155956
3	0	6	-398.61	27.8954	-406.873	45.2269	600.137	7.47267	0.421502
3	0	7	-315.098	40.6085	-450.51	82.8234	544.138	9.27416	0.00468815
3	0	8	-395.25	30.831	-373.52	37.9827	577.184	5.63182	0.376833
3	0	9	-343.559	21.0563	-376.802	32.4582	511.432	4.78573	0.779418
3	0	10	-372.821	24.5694	-374.184	38.9064	547.504	7.45505	0.476198
3	0	11	-406.923	26.6568	-399.506	40.6539	566.022	6.76889	0.38233
3	0	12	-368.437	50.1972	-412.513	66.2876	581.459	7.58083	0.000803927
3	0	13	-423.366	30.949	-377.693	39.7153	615.033	7.05632	0.387862
3	0	14	-276.223	36.2182	-476.901	96.5125	466.378	9.09595	0.0285237
3	0	15	-337.745	24.263	-411.448	54.0399	528.903	10.0913	0.505364
3	0	16	-397.391	31.462	-386.351	41.8786	572.187	6.29124	0.262286
3	0	17	-401.102	30.8322	-354.625	33.5846	563.271	5.51062	0.537588
3	0	18	-408.619	51.9778	-410.247	64.8351	614.196	8.15685	0.00667047
3	0	19	-332.142	26.6297	-386.649	43.6178	509.388	5.67504	0.640437
3	0	20	-301.339	21.1447	-406.584	43.9678	473.133	5.37742	0.514301
3	0	21	-362.457	21.7592	-370.248	35.1912	510.072	5.9594	0.624323
3	0	22	-338.985	22.8258	-419.714	51.432	486.362	8.77279	0.192226
3	0	23	-325.285	40.479	-459.625	82.67	527.684	8.93244	0.028239
3	0	24	-378.698	45.0753	-422.46	68.2999	575.302	8.48816	0.0078157
3	0	25	-324.318	22.3396	-422.045	47.2948	496.628	6.35281	0.573582
3	0	26	-307.935	25.3078	-377.792	39.6398	476.873	5.00696	0.594677
3	0	27	-365.851	29.1771	-365.952	36.5391	527.424	4.75411	0.611696
3	0	28	-406.853	29.9957	-376.817	36.9879	581.134	5.46538	0.41789
3	0	29	-329.359	42.1772	-413.703	65.8819	518.076	7.38521	0.00295181
3	0	30	-455.781	55.0532	-294.472	97.0791	571.636	34.6167	0.542955
3	0	31	-334.436	25.0446	-438.339	55.6884	535.279	7.19378	0.294233
3	0	32	-353.63	26.7308	-380.081	177.093	532.48	52.4004	0.220924
3	0	33	-351.603	25.1348	-386.641	39.5084	536.471	5.54096	0.639369
3	0	34	-304.72	25.4414	-388.056	44.0634	492.346	5.31748	1.0352
3	0	35	-342.102	42.8086	-422.466	74.8792	575.264	10.8357	0.00796449
3	0	36	-424.94	25.3337	-379.122	34.4084	582.763	5.80234	0.551167
3	0	37	-359.369	21.1232	-406.259	40.5572	531.172	6.47135	0.133921
3	0	38	-453.089	32.969	-356.862	34.0099	624.624	6.65383	0.407793
3	0	39	-399.985	55.9701	-282.611	96.1145	525.12	29.2072	0.317587
3	0	40	-370.122	27.6022	-390.641	41.4719	569.567	6.33482	0.600826
3	0	41	-386.905	24.9339	-391.664	38.5127	535.028	5.84531	0.320484
3	0	42	-281.697	37.671	-488.903	114.404	540.69	11.741	0.107113
3	0	43	-396.49	49.8561	-419.787	72.5063	612.421	11.7764	0.00383395
3	0	44	-306.693	21.9911	-372.732	37.6081	462.872	4.87531	0.85573
3	0	45	-374.406	62.678	-270.234	93.8036	535.653	25.9062	0.811871
3	0	46	-310.254	48.1099	-395.249	75.3192	553.242	9.16232	0.0131625
3	0	47	-290.594	34.3579	-429.156	70.313	507.046	7.19989	0.00666076
3	0	48	-407.852	60.9995	-292.892	107.784	553.152	33.2307	0.339651
3	0	49	-350.121	29.1859	-371.082	40.7849	531.136	7.07576	0.384715
3	0	50	-314.445	41.5734	-408.9	65.8202	534.371	7.02863	0.00304618
3	0	51	-338.295	25.3918	-433.203	52.545	556.9	7.15003	0.393614
3	0	52	-443.239	58.6812	-276.54	83.279	593.624	27.3713	0.426692
3	0	53	-336.757	28.5517	-368.33	39.1489	515.899	5.17732	0.452666
3	0	54	-442.082	35.0005	-353.871	34.8032	636.255	5.93937	0.640015
3	0	55	-429.113	33.1287	-366.21	37.0737	601.953	6.05325	0.365728
3	0	56	-317.258	26.2326	-389.93	42.6474	509.118	5.25033	0.575046
3	0	57	-405.187	31.9481	-358.617	36.2134	581.439	5.80843	0.246247
3	0	58	-397.919	29.2744	-381.429	39.1663	594.245	5.97127	0.540099
3	0	59	-345.757	28.6647	-385.348	42.3944	561.694	5.99273	0.618952
3	0	60	0	0	0	0	0	0	1000
3	0	61	-345.099	49.415	-401.045	67.8976	567.494	7.35732	0.00861201
3	0	62	-405.259	29.9322	-377.488	38.7719	605.99	6.0971	0.570388
3	0	63	-364.913	31.9284	-356.924	38.4995	544.128	5.63694	0.309572
3	1	0	-328.517	24.9283	-427.85	51.2616	475.7	6.07522	0.344155
3	1	1	-405.699	27.372	-411.102	43.6509	559.134	6.89581	0.43759
3	1	2	-351.92	23.7628	-390.574	39.2372	497.092	5.21994	0.400283
3	1	3	-313.544	52.2796	-415.051	79.8956	489.461	7.84047	0.00261531
3	1	4	-262.381	33.244	-488.728	100.688	467.82	9.09634	0.00728879
3	1	5	-284.702	42.6294	-468.308	107.473	485.924	10.4535	0.00030076
3	1	6	-342.571	28.0246	-387.721	41.1707	496.186	5.24828	0.36845
3	1	7	-334.763	21.796	-380.583	36.8221	479.313	5.13338	0.199929
3	1	8	-357.948	45.7967	-454.777	84.5543	545.229	9.53177	0.000414853
3	1	9	-323.96	21.4382	-381.705	37.8097	471.804	4.89223	0.529758
3	1	10	-340.603	25.1423	-397.865	43.0709	480.544	6.07196	0.281383
3	1	11	-345.499	32.4043	-349.143	38.0948	481.954	5.09246	0.256821
3	1	12	-337.543	22.7271	-404.363	42.4378	468.457	5.79594	0.465612
3	1	13	-351.774	27.5899	-407.171	45.2711	483.943	5.86212	0.290142
3	1	14	-325.726	20.9883	-412.106	44.5846	500.313	6.45498	0.321329
3	1	15	-345.488	26.6879	-404.931	45.3952	485.268	5.69627	0.2762
3	1	16	-300.468	26.2675	-394.204	46.4209	435.336	5.41138	0.21728
3	1	17	-345.63	26.7499	-373.183	38.626	482.97	5.02579	0.35611
3	1	18	-317.59	44.2687	-393.523	61.9827	492.723	6.22075	8.91E-06
3	1	19	-331.97	43.3557	-407.461	62.7034	494.083	6.70848	0.00308142
3	1	20	-327.669	24.7004	-386.494	41.3483	455.8	5.41877	0.423364
3	1	21	-333.281	25.4048	-366.331	37.2722	464.837	4.98175	0.354648
3	1	22	-339.324	25.8618	-400.972	44.6208	482.817	5.68438	0.310097
3	1	23	-338.443	24.8663	-415.938	47.3417	486.728	5.54432	0.211823
3	1	24	-403.852	26.2827	-400.45	40.6418	536.129	5.9354	0.275743
3	1	25	-336.385	48.0397	-425.998	78.7126	512.365	8.14408	0.0178621
3	1	26	-403.75	21.9254	-388.177	34.5231	546.268	5.21236	0.296053
3	1	27	-283.589	34.6677	-406.092	60.9738	472.395	5.90243	0.00841577
3	1	28	-313.32	20.3663	-384.781	36.0475	449.559	4.61494	0.905273
3	1	29	-338.445	27.3139	-380.683	41.717	484.052	5.1477	0.31732
3	1	30	-354.444	31.3458	-363.972	40.4823	491.581	5.34585	0.331332
3	1	31	-340.389	23.06	-388.894	40.0441	476.14	5.3008	0.233193
3	1	32	-452.242	28.8441	-404.204	39.2646	610.461	6.89363	0.408805
3	1	33	-375.515	23.3423	-383.514	37.5226	518.186	5.4579	0.398703
3	1	34	-366.822	24.8367	-402.146	42.4239	516.286	6.38469	0.332396
3	1	35	-354.183	24.6099	-385.764	39.6465	491.771	5.10458	0.720461
3	1	36	-351.991	40.5026	-443.321	71.732	550.172	7.95101	0.0289284
3	1	37	-366.524	26.1318	-366.372	35.6528	497.712	5.51517	0.425474
3	1	38	-413.324	29.2149	-394.945	40.6242	562.002	6.95212	0.405181
3	1	39	-334.287	27.7275	-384.979	41.2126	472.469	5.07272	0.206715
3	1	40	-359.169	26.0992	-409.168	44.6044	495.216	5.73015	0.275456
3	1	41	-382.392	27.6665	-392.713	39.1428	525.217	5.11416	0.456373
3	1	42	-384.316	25.7731	-400.412	42.3169	525.263	6.50613	0.310748
3	1	43	-371.548	44.0625	-439.096	71.5837	546.653	8.19595	0.000107464
3	1	44	-355.647	23.6076	-401.641	40.8002	486.518	5.50998	0.421949
3	1	45	-400.759	24.8885	-398.032	38.6065	536.675	6.19716	0.626522
3	1	46	-346.844	40.627	-421.955	65.154	516.438	7.29323	0.0050925
3	1	47	-356.031	22.6736	-388.89	37.4554	492.158	5.32998	0.298355
3	1	48	-344.624	48.0994	-417.715	72.8519	545.92	8.23166	6.58E-05
3	1	49	-336.694	24.3577	-397.802	44.023	479.596	6.06211	0.123578
3	1	50	-366.271	27.1558	-398.431	42.0979	511.836	5.81695	0.283192
3	1	51	-357.438	25.6188	-383.717	38.9032	500.523	5.0932	0.364299
3	1	52	-361.467	26.3297	-385.938	40.8745	494.526	5.81885	0.316389
3	1	53	-380.858	25.9399	-407.633	44.2949	523.025	5.94383	0.349751
3	1	54	-321.97	24.0984	-374.067	37.3185	450.918	4.6115	0.476287
3	1	55	-371.393	27.7521	-395.149	41.6412	520.491	6.39549	0.31595
3	1	56	-353.001	25.3935	-404.286	43.9754	498.912	5.95692	0.275638
3	1	57	-366.446	27.9923	-375.035	39.1588	514.497	5.70389	0.364732
3	1	58	-357.418	21.965	-395.296	39.4831	488.729	5.22018	0.537196
3	1	59	-349.873	29.0712	-403.603	48.0153	498.887	5.95854	0.289401
3	1	60	0	0	0	0	0	0	1000
3	1	61	-317.701	26.4752	-388.398	44.9901	463.5	5.33283	0.307877
3	1	62	-393.65	27.4929	-402.412	40.3504	556.098	5.76043	0.330447
3	1	63	-311.985	24.6555	-373.002	37.485	476.121	4.70965	0.216335
3	2	0	-216.072	10.7237	-635.885	111.085	413.056	11.072	13.4559
3	2	1	-299.417	22.4581	-414.482	48.2629	420.172	6.032	0.254777
3	2	2	-286.021	22.7177	-392.96	43.7335	419.411	5.09414	0.447731
3	2	3	-322.654	41.2245	-325.458	138.565	412.705	35.1608	0.360538
3	2	4	-288.5	23.7741	-416.568	51.5788	415.375	5.91672	0.270441
3	2	5	-331.087	24.3006	-412.767	47.5103	440.185	6.45068	0.343935
3	2	6	-352.3	23.7513	-419.643	47.762	474.06	7.01342	0.467125
3	2	7	-285.911	23.4202	-403.569	49.9182	407.567	6.55708	0.293128
3	2	8	-293.547	19.9902	-450.224	55.6199	412.386	6.70669	0.281464
3	2	9	-357.778	22.8308	-419.227	45.1797	463.945	6.35102	0.402246
3	2	10	-302.457	34.7453	-486.036	95.5622	452.715	10.1684	0.0321473
3	2	11	-274.832	24.0607	-416.27	52.2556	388.384	5.84283	0.51928
3	2	12	-274.062	22.1427	-424.93	53.1763	393.933	5.84797	0.180206
3	2	13	-243.236	19.0182	-417.342	61.7179	364.223	8.22501	0.181956
3	2	14	-336.716	22.8881	-427.54	51.0806	453.614	6.83777	0.207254
3	2	15	-329.585	24.0501	-428.196	49.8892	435.077	6.49924	0.458968
3	2	16	-314.288	19.8657	-431.743	49.8293	441.827	6.72471	0.385373
3	2	17	-286.172	19.873	-386.477	44.4505	398.131	6.08848	0.398456
3	2	18	-308.101	18.8633	-393.501	40.0218	418.926	5.68777	0.524938
3	2	19	-326.867	18.6396	-432.168	44.8918	435.441	6.79829	0.184661
3	2	20	-308.093	20.6866	-435.675	53.115	422.53	6.9977	0.440423
3	2	21	-279.508	21.9024	-390.622	44.6758	395.036	5.56549	0.307433
3	2	22	-297.355	25.9108	-438.138	58.7254	413.64	6.59991	0.212913
3	2	23	-311.079	21.3784	-438.147	51.8579	424.924	6.58769	0.287405
3	2	24	-283.248	20.6109	-433.368	53.0584	404.489	6.13362	0.173213
3	2	25	-322.767	25.8208	-435.083	53.8173	443.721	6.56501	0.194581
3	2	26	-348.287	15.0368	-412.982	39.0335	439.375	5.83996	0.382087
3	2	27	-317.391	20.301	-430.887	49.8603	428.49	6.53719	0.320364
3	2	28	-303.501	21.195	-397.681	43.2565	398.802	5.45786	0.323508
3	2	29	-313.867	22.0189	-416.386	48.9759	441.271	6.86873	0.378891
3	2	30	-363.094	23.4231	-434.988	48.6678	484.15	7.21464	0.277683
3	2	31	-296.496	20.9186	-429.581	51.4786	420.736	6.42775	0.295623
3	2	32	-320.012	23.9264	-435.618	53.6572	459.509	6.58204	0.266951
3	2	33	-330.815	22.9561	-386.878	39.7062	457.959	5.45287	0.268274
3	2	34	-364.106	23.4138	-422.011	49.678	495.803	7.28987	0.419651
3	2	35	-352.59	21.0136	-426.27	44.2526	476.368	5.89347	0.285661
3	2	36	-331.487	23.6374	-383.43	40.7717	461.611	5.74723	0.310389
3	2	37	-365.679	26.9689	-399.961	44.1004	486.664	6.15553	0.300526
3	2	38	-369.492	25.4359	-402.677	42.523	503.174	5.94585	0.34132
3	2	39	-337.887	20.4952	-439.688	50.0507	468.005	7.14433	0.366392
3	2	40	-338.351	40.2279	-465.436	84.8747	502.594	10.021	0.00584209
3	2	41	-246.971	29.0589	-490.491	97.8618	442.217	8.8102	0.00538549
3	2	42	-275.583	21.0482	-408.305	47.7569	400.058	5.46909	0.166725
3	2	43	-345.348	41.488	-458.925	79.4107	491.403	8.72589	0.0908787
3	2	44	-301.896	26.1015	-423.169	54.6463	446.026	6.2104	0.487694
3	2	45	-334.483	22.743	-430.258	48.6758	457.488	6.54348	0.259844
3	2	46	-350.996	30.9172	-352.007	149.064	449.424	42.7382	0.357218
3	2	47	-271.792	22.8523	-458.602	70.7222	439.335	8.20265	0.417515
3	2	48	-316.241	24.1282	-424.062	49.6619	462.854	5.9774	0.4665
3	2	49	-309.128	26.4178	-408.709	50.7356	442.441	6.10593	0.237546
3	2	50	-364.021	23.1765	-395.346	40.6113	489.178	6.29965	0.422559
3	2	51	-399.653	27.2629	-421.559	46.0228	523.72	6.93003	0.265344
3	2	52	-362.346	24.7425	-419.605	46.4288	480.202	6.12834	0.344858
3	2	53	-347.659	24.1833	-422.211	47.9551	473.585	6.50542	0.255039
3	2	54	-323.461	36.2748	-458.686	78.5762	474.62	8.55334	0.0262305
3	2	55	-320.625	35.8318	-458.306	79.9216	488.962	9.03756	0.0360565
3	2	56	-335.609	20.8243	-422.386	45.9372	482.502	6.55869	0.393903
3	2	57	-384.494	25.4693	-406.516	40.4438	523.163	5.58883	0.480167
3	2	58	-334.772	23.8078	-380.987	38.3014	466.755	4.65474	0.82294
3	2	59	-354.946	23.3917	-419.943	45.0355	485.501	6.22428	0.362838
3	2	60	-276.89	37.8004	-437.811	79.1916	442.7	7.28323	0.00312203
3	2	61	-315.321	24.4328	-396.221	43.9255	457.897	5.30875	0.394502
3	2	62	-366.309	25.9651	-415.216	46.1357	497.61	6.63427	0.277159
3	2	63	-340.864	52.0761	-298.215	113.453	428.128	29.6522	0.328128
3	3	0	-342.979	43.0585	-427.768	68.9182	520.224	7.49443	0.0261104
3	3	1	-354.701	46.8701	-395.319	61.7529	554.923	6.94906	0.00238615
3	3	2	-401.471	49.8036	-324.504	135.826	528.411	42.5936	0.121635
3	3	3	-408.674	44.7693	-435.843	63.5901	615.697	8.24231	0.0259057
3	3	4	-403.222	30.5885	-411.078	45.1731	555.431	6.59495	0.30863
3	3	5	-377.89	26.945	-383.713	36.6891	514.188	5.18207	0.316453
3	3	6	-328.345	23.5722	-367.199	35.5091	493.785	4.62174	0.728262
3	3	7	-402.366	32.039	-386.368	41.7048	572.555	6.2543	0.461434
3	3	8	-283.012	18.3733	-467.663	58.8419	471.03	6.9931	0.795416
3	3	9	-416.373	26.3814	-391.683	35.9591	550.711	5.3315	0.299858
3	3	10	-399.709	26.3705	-388.414	38.2497	544.596	6.04212	0.22392
3	3	11	-405.781	47.9823	-430.093	68.1138	596.325	8.94014	0.0395707
3	3	12	-317.916	25.6792	-445.107	61.1468	497.456	7.53111	0.463422
3	3	13	-297.36	21.7575	-459.017	59.3239	464.948	6.84205	0.357606
3	3	14	-364.744	24.3877	-380.415	36.2717	488.863	5.30614	0.315016
3	3	15	-422.79	31.5789	-389.085	38.7398	584.73	6.14389	0.329255
3	3	16	-379.992	26.6804	-381.219	38.4299	514.566	5.98847	0.27408
3	3	17	-424.09	30.1402	-413.012	45.6978	577.534	7.77448	0.200822
3	3	18	-345.44	38.0041	-439.99	67.7377	522.247	7.71413	0.0399861
3	3	19	-420.762	33.3189	-372.871	39.5679	568.166	6.87387	0.369778
3	3	20	-379.06	26.0119	-384.863	39.1508	530.187	5.89179	0.289522
3	3	21	-359.214	26.5585	-388.439	41.5681	486.103	5.77682	0.240976
3	3	22	-347.4	21.9596	-419.962	43.6458	468.664	6.01475	0.139526
3	3	23	-364.455	23.6313	-386.623	38.1688	495.156	5.78986	0.33251
3	3	24	-395.596	25.3301	-409.786	41.6064	546.48	6.3215	0.421552
3	3	25	-346.574	25.8588	-434.235	52.5847	536.447	7.69588	0.628422
3	3	26	-367.957	23.3226	-379.944	37.5698	502.907	6.08439	0.465141
3	3	27	-401.742	48.7612	-418.996	65.4356	580.459	8.57905	0.000900078
3	3	28	-335.448	24.713	-407.936	44.8263	495.124	5.88597	0.467799
3	3	29	-292.088	43.6202	-417.188	74.7174	465.918	6.77001	0.00483911
3	3	30	-342.883	24.0907	-439.958	51.8502	522.287	6.75153	0.359118
3	3	31	-322.862	39.6946	-451.976	79.8552	522.412	8.46132	0.000537524
3	3	32	-411.088	31.0133	-400.267	42.0064	576.759	5.99979	0.31658
3	3	33	-394.5	27.9262	-418.17	45.3421	558.421	6.45305	0.505083
3	3	34	-383.968	23.9303	-378.735	34.3277	509.471	5.27836	0.394646
3	3	35	-402.784	49.1495	-442.722	77.7073	584.202	10.674	0.00144596
3	3	36	-340.405	38.7651	-463.915	81.3978	552.388	8.96251	0.00456828
3	3	37	-363.564	17.0109	-401.89	34.5851	514.547	5.09659	0.326856
3	3	38	-336.575	47.5321	-432.957	79.421	570.856	8.38077	0.00331318
3	3	39	-331.201	43.7032	-406.625	64.0077	509.208	6.97117	0.0312933
3	3	40	-353.957	41.7505	-437.527	71.9067	534.609	8.45367	0.00250203
3	3	41	-455.5	30.1836	-414.202	44.1233	605.927	7.81749	0.263641
3	3	42	-382.828	46.8779	-443.618	76.5102	565.475	9.37377	0.00488905
3	3	43	-411.255	29.1571	-390.891	39.9764	558.868	6.38569	0.356726
3	3	44	-327.968	27.5163	-418.63	49.8427	522.236	5.75797	0.716513
3	3	45	-338.482	24.9195	-389.5	41.4213	493.762	5.39029	0.634529
3	3	46	-454.785	30.4698	-401.689	40.6395	625.455	6.68314	0.259729
3	3	47	-421.356	31.5629	-401.451	43.4088	572.405	6.2384	0.373198
3	3	48	-359.624	44.4952	-458.143	83.3442	532.348	10.4361	0.0153107
3	3	49	-400.378	28.9322	-388.914	39.9192	534.585	5.74013	0.362588
3	3	50	-404.072	28.1152	-396.162	41.0841	553.455	6.87149	0.360802
3	3	51	-358.018	48.3073	-423.407	74.261	510.068	8.37181	0.010008
3	3	52	-378.206	59.8187	-429.978	83.5203	594.922	9.29405	0.000219479
3	3	53	-413.225	30.0635	-418.829	46.0733	571.333	7.08669	0.292588
3	3	54	-381.628	57.4639	-425.183	77.6092	565.1	9.47686	0.0256594
3	3	55	-345.266	22.3674	-438.236	49.2471	502.129	6.56628	0.185868
3	3	56	-381.379	51.334	-429.031	74.9154	567.66	8.80815	0.0215336
3	3	57	-343.803	44.2285	-408.388	65.9752	547.835	7.11344	0.0289817
3	3	58	-338.653	153.395	-428.306	198.443	568.676	15.7782	1.34E-08
3	3	59	-409.83	29.6985	-399.569	40.2959	559.291	5.87569	0.47853
3	3	60	-437.638	31.6743	-400.106	39.3351	588.663	6.06757	0.0550422
3	3	61	-370.79	29.9774	-389.71	41.5915	553.213	5.61001	0.158116
3	3	62	-392.664	22.6026	-408.998	40.4383	571.363	6.1652	0.0415978
3	3	63	-421.646	29.285	-392.515	38.353	560.829	5.78053	0.356688
